4 0 0 4 0 0
1 2 2 1 3 3
10 0 0 4 2 2
10 0 0 1 9 9
10 0 0 2 9 9
5 1 1 6 1 1
10 8 10 17 1 49
15 49 24 50 47 38
16 27 42 32 23 27
43 7 12 31 13 45
17 43 12 17 38 45
24 8 14 28 13 6
24 16 20 2 4 38
24 39 2 29 3 19
28 17 34 36 50 4
34 32 18 35 43 34
32 18 8 35 21 42
49 14 30 17 27 16
47 11 42 26 20 18
13 5 37 44 1 44
32 30 19 48 36 6
46 11 3 43 47 47
1 35 41 25 1 16
43 7 3 29 47 40
20 6 20 4 16 22
8 29 1 25 11 47
35 26 21 30 34 28
5 30 15 21 39 26
23 49 32 24 44 31
47 30 3 16 7 38
41 47 35 2 3 39
5 32 20 23 2 32
37 23 7 38 9 25
36 18 37 48 25 2
36 25 16 33 13 38
12 5 49 30 39 8
49 28 50 48 14 11
16 27 19 5 26 19
48 1 1 35 25 20
20 47 26 8 15 3
14 12 7 1 8 18
39 20 41 33 6 49
23 4 40 35 16 32
48 50 3 31 29 28
30 14 24 13 36 44
9 40 43 40 47 15
39 17 15 4 1 14
17 28 31 5 46 47
30 47 27 8 41 24
11 23 19 12 46 1
31 16 19 33 8 19
28 35 4 30 17 37
49 24 29 6 21 3
47 47 49 19 31 14
44 49 22 16 28 9
9 27 22 36 10 22
841 73 44 862 928 69
245 203 256 851 530 697
419 601 771 717 784 813
447 516 913 514 970 726
569 13 962 831 619 76
561 63 347 759 875 722
618 624 210 372 87 50
522 17 613 81 546 742
682 688 519 176 243 749
565 77 882 127 189 28
865 337 375 790 843 742
342 918 785 846 452 465
621 699 50 193 165 831
689 213 228 167 674 378
373 23 304 73 925 763
916 992 480 334 363 871
651 646 160 775 360 512
700 104 599 961 493 134
977 119 53 277 967 353
841 206 469 943 561 969
886 786 550 912 673 724
28 852 88 267 813 847
411 328 393 759 172 285
819 69 349 821 363 487
971 651 816 29 885 679
340 671 112 77 538 476
150 419 599 340 22 245
52 899 117 832 287 979
18 392 525 823 662 759
710 275 120 898 492 248
262 546 750 693 440 941
836 548 54 547 73 112
428 878 715 237 223 743
423 872 177 440 275 844
253 652 432 677 743 621
190 819 750 293 106 430
882 953 3 214 466 823
900 836 928 835 913 953
478 869 114 572 893 619
32 441 299 363 513 780
512 158 294 82 990 474
366 461 441 192 897 272
306 110 987 488 825 943
40 178 443 715 750 895
731 791 277 532 479 524
715 520 912 945 104 841
280 631 710 528 253 614
235 261 334 704 498 445
894 900 971 849 727 672
142 431 90 138 775 423
