734 698
14 -79 -16 90 -75 -42 98 24 -38 89 -18 -37 -20 81 -80 77 77 -55 -47 -50 -37 24 -48 -61 79 -17 24 -11 -86 29 -74 -57 27 -43 -90 -71 -97 21 -89 -4 -22 -15 -32 76 -78 -100 -60 44 16 15 -5 -30 68 33 -29 -90 65 17 40 24 -100 51 75 -63 -33 -23 -90 73 -57 -62 -80 -88 54 3 54 38 -40 15 11 4 -82 -82 84 -95 -98 65 95 -35 -91 54 -5 -89 -96 -24 75 -2 39 -29 59 -96 -14 20 -67 41 27 24 54 66 46 -46 81 86 47 -4 57 -13 -38 68 -6 -2 5 34 74 -68 97 70 -77 -90 -45 50 -18 -55 92 -4 -3 83 70 40 -82 -86 -78 -42 -47 -7 -35 -77 -20 -13 51 17 1 80 -34 94 45 -7 -67 -20 -61 -38 -85 73 40 -67 42 48 -95 51 -43 -49 50 -64 -92 56 51 -100 -35 17 23 -19 9 84 23 -16 -55 -70 -12 -75 62 -28 43 42 22 45 55 0 -100 -41 -62 69 -91 -40 52 -19 -34 76 -6 57 -86 -26 9 39 89 76 67 30 13 29 -93 -56 -74 -83 -11 54 -14 -22 70 -40 64 -15 63 -88 -52 60 91 95 -70 -2 0 31 53 -20 -55 65 13 47 81 -69 -34 -45 8 77 -15 -28 61 98 48 36 81 90 -10 58 63 -83 -57 -100 79 64 17 -70 68 36 -64 -90 -96 26 -38 -69 6 -97 4 -56 45 62 -83 57 71 -43 -83 -65 -6 -65 88 32 -76 -60 -57 -87 -56 76 -80 71 -35 74 -97 -76 -66 36 -66 -80 -26 16 97 -10 -85 86 17 -32 13 80 93 65 -60 32 -1 35 -88 -57 -38 -40 -16 -62 -47 -64 -55 -63 -22 -22 -72 4 8 14 -63 -20 22 52 71 89 -1 30 -1 -33 -35 -8 70 38 -41 -20 -84 -67 56 -96 25 62 85 99 -58 71 -39 -81 92 -91 43 -34 24 -88 -36 -80 50 56 87 -81 -75 93 90 81 96 4 19 -99 86 5 34 -22 -45 -37 -54 35 18 -2 96 35 -98 6 -37 28 10 -10 -11 75 44 97 83 22 -99 -71 66 -27 -73 -27 72 7 26 -60 76 -99 -37 20 37 55 -31 -80 59 35 46 88 -32 72 69 -15 92 -55 -75 30 -81 -85 -34 -83 22 -51 27 50 73 -63 -13 -52 -91 44 89 -98 -99 61 -88 90 58 -48 10 -80 -26 13 13 -97 35 98 -39 -43 -30 -79 -34 -96 -79 -12 -58 -42 -75 -41 -39 74 92 -73 73 -12 89 80 -26 52 67 89 13 54 -68 -46 7 61 51 -12 71 -11 -18 48 69 -91 44 66 1 -11 -10 -3 12 -76 -44 13 23 66 27 -85 -65 -63 -28 -89 -93 -81 43 42 -87 -100 -2 -23 98 22 -35 39 8 -94 98 75 -39 -68 30 -4 66 -59 -4 -98 -14 -81 40 -36 41 -4 -93 -16 -83 36 39 44 -25 38 -90 -76 41 -83 -14 -30 29 -39 -100 -96 59 77 30 -99 17 -56 13 63 -78 -34 4 -27 65 47 -5 50 70 -45 -78 -57 -50 -57 90 56 78 -77 -27 -69 31 43 -3 -37 23 26 -89 -40 82 -38 85 -47 -4 -97 66 85 -48 5 -38 46 -68 14 -82 2 -52 -88 13 34 -6 -28 -7 89 -44 13 -34 4 -74 10 -9 85 50 89 -73 22 -71 -7 0 -89 -48 62 13 -8 100 53 83 35 -97 2 37 -25 76 -15 -31 12 22 -83 9 -80 4 -81 -21 -84 56 24 43 92 44 -90 59 -15 93 -9 -38 -35 93 32 51 44 63 -60 96 -33 10 69 -48 98 27 74 -37 -32 -79 -66 -57 62 -95 79 -15 17 84 -47 28 -1 -79 43 99 -11 -27 25 -81 88 -4 -81 -7 63 26 97 -95 -91
P 54663 12434
C 57245 9
C 60395 -85
C 27775 28
C 77683 13
C 8554 73
C 70869 9
P 38996 12900
P 86639 43410
P 36151 29823
P 75786 71130
P 69321 48072
P 67296 54612
P 57596 30225
P 71572 69196
P 34952 563
C 5904 57
P 91625 73460
P 73011 9989
P 88790 2647
P 96853 68196
P 81856 81614
P 68890 11966
C 53629 60
C 18626 -43
P 71051 65131
C 2939 -4
P 51248 50518
P 32418 16040
P 96708 88174
C 82952 -40
P 94303 27143
P 45714 5209
C 81880 87
C 14863 -77
P 84909 31771
P 70277 13805
C 36054 48
C 6639 -96
P 48527 9766
P 97812 67850
P 35016 28042
P 63702 47490
P 45939 6237
P 99387 69527
C 71420 -9
C 181 -3
C 30870 -92
P 70571 61784
P 48817 32685
C 40338 43
P 62857 1523
P 61967 57527
C 80746 -19
C 96172 77
P 73614 32486
P 49240 18478
C 12075 8
C 83033 -65
C 68698 -88
P 53248 15270
C 54062 70
P 86903 24182
P 63616 3500
P 92413 73274
C 88419 50
C 30766 -16
C 62809 -94
C 61654 14
P 75349 48687
P 66021 52621
P 54208 50150
C 6591 3
C 34758 -67
C 86640 18
P 92013 91534
P 55912 542
P 97109 33435
P 93352 79321
C 49334 51
P 25781 16621
P 87789 35850
P 74570 46523
P 17657 15783
P 90119 73167
P 38919 5750
C 7318 -71
C 55913 -55
C 34197 -94
P 64481 34760
P 67367 48585
C 97723 -34
P 74886 71348
C 99095 -41
C 42544 -18
P 69518 59836
P 88664 19031
C 97717 17
C 58702 38
P 75322 52221
C 75170 80
C 15388 -72
P 50372 27389
P 92373 43885
C 34483 -34
P 98747 63312
C 30106 17
P 38936 30207
P 88450 71503
P 98273 27106
C 14817 56
C 14078 -30
C 83370 98
P 61435 20039
C 95597 76
C 54367 -73
P 82366 43938
C 85494 -4
P 84138 31079
C 91981 -89
C 82288 17
P 50160 21595
C 30112 90
P 91175 48321
P 83159 69735
P 92531 12389
P 90729 66932
P 87577 55631
C 98142 35
C 13422 -37
P 59841 2803
C 27835 -46
P 65118 49030
C 98700 38
P 52705 33724
C 1002 84
P 35169 33998
P 98582 47769
C 29807 -89
C 79081 49
C 81576 -11
P 96991 56387
C 48657 -18
P 57120 44416
C 87950 -40
C 93386 -84
P 80816 41049
C 39553 15
P 99482 37743
C 2095 20
C 42924 -5
C 43450 -26
P 39922 21064
C 67442 11
C 6555 24
C 14258 -76
C 53249 45
P 49122 8775
C 44088 -72
P 34887 2865
C 40654 -12
P 60300 21003
P 66730 37663
P 71213 34694
C 75445 78
C 26632 -21
P 37255 27213
P 85697 62375
P 67058 12838
C 36058 5
C 66998 -100
C 58397 51
P 91612 81200
P 49217 38910
C 77254 40
C 99255 2
C 24852 -14
C 97173 47
P 99570 91742
C 78177 94
C 90083 22
C 7180 -44
P 59784 33782
C 31082 10
C 31948 78
P 97419 26434
P 85217 44722
C 53333 -11
C 14683 -22
C 98870 -33
P 66970 66077
C 57989 37
P 74670 27172
C 92729 -1
P 90611 42536
P 93817 23191
C 99038 21
P 43155 10837
P 10938 10001
C 12828 -95
C 44054 84
P 52306 6697
P 59178 58527
C 90479 78
C 63060 97
C 24114 -86
C 45836 -31
C 68496 -93
C 97757 -55
C 67245 -75
C 37324 -76
P 49940 22224
P 72223 2488
C 44482 -65
C 51946 -86
C 72293 59
P 81704 21073
P 68616 9087
P 43247 24525
P 63449 16819
P 45761 3909
P 77757 29489
P 66382 35122
P 69612 32446
C 52012 37
C 24897 -76
P 47207 19352
P 99065 95662
P 25933 23801
P 23108 11455
C 92872 -93
P 72920 2563
C 38243 100
C 9411 11
C 97700 -61
C 799 50
C 32153 18
P 70771 41977
P 57519 5304
C 5279 -44
C 86597 66
P 85551 7537
P 19990 3339
P 67851 11798
C 1491 -40
P 88608 86540
P 90383 79062
P 25229 13915
P 71373 26219
P 99021 83844
C 96347 -74
P 59737 47774
C 21460 18
P 56259 32507
P 71396 42111
P 36157 566
P 76670 51230
C 37093 -72
C 43028 -66
P 69722 67422
P 68536 21930
C 91899 90
P 45815 38989
C 42228 -49
C 32148 -36
C 45279 -97
C 5856 -65
P 80013 45438
C 31948 79
C 85681 30
P 52290 31576
C 77779 -34
P 48891 14695
P 38792 35414
C 42820 -41
C 1244 -16
C 3517 -2
P 78187 49305
P 63321 46667
C 13743 -71
C 80114 -68
C 38584 -26
C 58510 33
P 25295 3802
C 72892 37
C 64664 88
C 10422 15
P 96948 62254
C 64589 -48
C 27726 25
C 6992 26
C 57147 -24
C 19447 -30
C 26508 87
C 38942 92
C 5686 -34
C 99696 34
C 72883 -15
P 93747 18465
P 63252 58337
C 7186 50
P 31691 29709
P 95565 12544
P 73441 7310
P 31622 16987
C 1935 -65
P 60045 31715
P 40693 7264
C 59573 61
C 11253 -23
P 27119 25910
C 12164 30
P 93798 22535
P 87188 14302
C 4760 52
C 27668 82
C 14323 84
C 83099 -73
C 37357 22
C 52108 -97
P 61072 52024
C 2852 -98
P 97227 54380
C 90027 -86
C 45299 -60
P 27595 24789
P 50386 38520
P 43954 33383
P 63364 43519
C 9374 83
P 61151 54376
P 73980 73798
C 81369 64
P 95235 56075
C 49383 -99
C 94858 -18
C 6081 -78
P 77746 75808
P 63899 61763
P 51732 37028
C 92578 41
C 18098 -50
P 79156 66690
P 80283 3369
P 67806 39821
C 47607 -48
C 24285 82
C 5007 58
P 96270 93382
C 70678 -13
C 10980 -52
C 50242 -26
C 52889 46
P 16852 2333
C 26878 25
P 74616 20748
C 56182 -42
C 20841 12
P 84053 48401
C 79955 64
C 26581 -100
P 55169 19303
P 43552 36650
P 16975 5341
C 79262 10
C 10729 38
P 71513 31110
P 43784 35729
C 36938 -86
P 90441 54649
P 57130 46564
C 15500 -19
C 95053 92
C 8802 -16
C 36732 -97
P 46664 34580
C 62481 53
C 47613 -53
P 32725 28664
P 57674 10427
P 71423 13887
P 73335 65746
P 56468 5054
P 73286 62244
P 60386 37239
C 32052 -40
P 79982 15846
P 64416 22472
P 33978 21161
C 12176 45
C 62940 98
P 71826 59149
P 45518 26990
C 24317 100
C 8275 66
P 64209 59564
P 97439 45877
P 64546 40846
C 30077 2
C 64751 -15
P 64619 1897
C 61368 77
C 47402 11
C 52514 -10
P 70148 53269
C 61211 85
C 95752 -51
C 28405 -68
C 71226 57
C 81648 14
C 91605 97
P 94711 16647
P 70544 15536
P 69481 12020
P 86145 71175
P 51655 37133
C 59024 92
P 71949 56908
P 93951 23923
P 17270 7867
C 56750 93
C 13414 -89
P 25811 5876
C 91339 20
C 91875 81
C 15236 27
C 72167 -35
C 61029 -42
C 35509 -77
P 86632 46007
P 59322 11675
P 43615 23762
C 67047 -100
C 42268 57
C 67896 -12
C 13691 -27
C 79504 98
P 56705 53828
C 9172 94
C 15032 -77
C 8254 -51
C 98620 -49
P 82257 5393
C 79644 -92
C 64251 -45
P 99409 19633
P 93306 80545
C 74115 -91
C 69878 73
C 53014 98
C 91489 -15
C 46007 60
C 91781 -68
P 52066 4824
P 22119 7428
C 49186 -55
C 99680 -28
C 99199 -69
P 71631 15384
C 83258 -75
P 82929 36991
P 52768 37257
P 55446 50762
C 52128 64
C 69178 -22
P 2524 68
P 68049 62589
P 80251 39427
P 98478 86441
P 86040 61462
C 53576 -48
P 47486 6280
C 37217 34
C 21733 79
C 90811 27
P 47148 2608
C 18184 27
C 59722 14
C 83029 -81
C 84539 82
P 49998 12545
C 88783 -65
P 53899 6914
P 83474 14886
C 1072 -84
P 11542 479
P 92491 59645
C 35832 4
C 16190 -37
P 94292 75132
C 57204 30
P 49591 27904
C 34097 78
C 43225 77
C 85543 33
C 7949 -6
P 94038 77173
C 66011 85
P 73823 57159
C 60169 -8
C 61974 43
P 91976 42958
C 96357 15
C 27999 34
C 22308 2
P 40610 31168
C 95927 -27
C 70453 33
P 96257 30063
P 43122 17534
C 9928 -66
C 28501 11
C 85005 -44
P 25067 22917
P 14989 850
P 82400 75682
C 72781 87
C 45234 -33
C 39811 23
C 12682 -10
P 73202 2061
C 94647 -3
P 41812 27534
C 47577 -80
P 85864 72604
C 60351 37
C 57988 -70
C 40969 -66
C 87407 71
C 20987 -40
P 62329 47088
C 88393 -32
C 18993 -92
C 35524 21
C 47305 67
P 96034 52116
C 13220 64
P 75270 46288
C 55480 5
C 37785 12
C 37416 -99
P 93377 9470
C 54477 37
C 10163 26
C 33242 97
P 77764 5747
C 82940 -83
P 73206 28464
P 84781 50283
P 45524 20287
C 5979 -58
C 84816 -11
P 86734 19208
C 68576 -27
P 59131 16082
C 28912 -30
C 5641 -25
C 96846 -51
C 5708 -45
C 25915 -37
P 95814 82254
P 89214 27555
C 53288 43
P 91261 41628
P 42176 37166
P 81809 59974
P 71091 27898
P 96878 96869
P 72194 27693
P 58537 17335
C 69440 -75
P 65272 37618
C 18470 -10
C 81440 10
C 59619 -48
C 66796 14
P 19196 11898
P 43505 14486
C 34875 4
P 69850 44517
P 87190 62667
P 72711 32133
C 20185 16
C 74440 -80
P 20690 15224
C 63665 -94
P 90751 55180
C 41642 88
C 48616 -10
C 11471 -24
C 59370 62
C 5098 10
P 96827 72259
P 39987 15013
C 62977 -35
P 34138 18962
P 66531 33277
P 95137 70770
C 51805 89
P 57015 22993
P 42801 11135
P 59704 25864
P 97348 48246
C 48432 -98
P 88535 9123
P 35297 6530
C 33433 -2
P 65399 34825
P 79657 37643
C 73306 46
P 32393 24329
P 38859 7846
P 90815 46553
P 31395 20876
P 85341 40885
P 78869 18648
P 71356 15862
P 59589 15569
C 89052 94
C 98934 63
C 67035 -93
P 80673 12148
C 81022 -17
C 88823 -61
C 63266 -83
P 83716 44073
C 68668 10
C 2560 52
P 88696 28554
C 37060 27
P 65897 46037
P 82346 20038
P 92146 55904
C 19021 -75
P 94241 68589
P 81875 10720
P 85871 8190
P 93092 23162
P 63650 28096
P 63977 5876
P 99386 3161
P 79917 27630
C 57826 20
C 81732 6
P 59305 9551
P 26980 5377
P 23378 16988
P 99017 54719
P 38724 15797
C 28940 -50
P 70903 45742
P 72011 62234
C 79490 9
C 7275 14
C 48177 -5
C 99711 11
C 25112 78
P 86608 53153
P 97800 94039
P 17401 7725
P 51886 15177
C 82479 -40
C 96077 -59
C 94549 -45
C 7596 99
P 94760 12464
P 31745 3809
C 4032 -39
P 30794 22572
P 70522 23656
P 69664 32909
C 79458 53
P 94177 48859
C 76043 66
C 74389 -79
P 60839 53321
C 6481 22
C 22517 68
P 85055 68354
C 905 -46
C 54053 -59
C 32583 70
P 62093 255
P 76974 14505
C 64922 60
P 74344 25595
C 91335 -90
P 86349 18110
C 41868 -2
P 91685 19936
P 66989 22385
C 49873 66
P 65643 37385
C 84844 -63
C 59872 -20
C 48463 44
C 67191 -94
C 61083 -56
